((("System" .
   [1 0 0 0 0 0])
  ("indexOf" .
   [1 0 0 0 0 0 0])
  ("output" .
   [4 0 0 0 0 0])
  ("flush" .
   [1 0 0 0 0])
  ("input" .
   [1 0 0 0 0])
  ("println" .
   [4 0 0 0 0 0 0])
  ("array" .
   [5 0 0 0 0])
  ("BufferedOutputStream" .
   [0 0 0 0 0 0 0 0 0 0 0 0 1 0 0 0 0 0 0 0])
  ("BufferedInputStream" .
   [1 0 0 0 0 0 0 0 0 0 0 0 0 0 0 0 0 0 0])
  ("String" .
   [7 0 0 0 0 0])
  ("sl" .
   [4 0])
  ("Scanner" .
   [1 0 0 0 0 0 0])
  ("getInputStream" .
   [0 0 0 0 0 0 1 0 0 0 0 0 0 0])
  ("out" .
   [4 0 0])
  ("getOutputStream" .
   [1 0 0 0 0 0 0 0 1 0 0 0 0 0 0])
  ("close" .
   [1 0 0 0 0])
  ("read" .
   [2 0 0 0])
  ("die" .
   [2 0 0])
  ("strlen" .
   [1 0 0 0 0 0])
  ("write" .
   [2 0 0 0 0])
  ("BUF_SIZE" .
   [0 0 0 0 1 1 1 0])
  ("memset" .
   [3 0 0 0 0 0])
  ("running" .
   [2 0 0 0 0 0 0])
  ("buf" .
   [8 0 0])
  ("printf" .
   [10 0 0 0 0 0])
  ("portstr" .
   [2 0 0 0 0 0 0])
  ("argv" .
   [8 0 0 0])
  ("h" .
   [2])
  ("sock" .
   [5 0 0 0])
  ("ip" .
   [4 0])
  ("init" .
   [4 0 0 0])
  ("port" .
   [2 0 0 0])
  ("free" .
   [9 0 0 0])
  ("f" .
   [1])
  ("solve" .
   [1 0 0 0 0])
  ("a" .
   [3])
  ("y" .
   [1])
  ("ss" .
   [3 0])
  ("centroid" .
   [3 0 0 0 0 0 0 0])
  ("cos" .
   [1 0 0])
  ("pyy" .
   [1 0 0])
  ("yy" .
   [11 0])
  ("pxx" .
   [1 0 0])
  ("xx" .
   [3 0])
  ("point" .
   [1 0 0 0 0])
  ("spline" .
   [2 0 0 0 0 0])
  ("create_spline" .
   [2 0 0 0 0 0 2 0 0 0 0 0 0])
  ("pts" .
   [10 0 0])
  ("spline_shape" .
   [2 0 0 0 0 0 0 0 0 0 0 0])
  ("abs" .
   [1 0 0])
  ("d" .
   [5])
  ("num" .
   [43 0 0])
  ("malloc" .
   [10 0 0 0 0 0])
  ("bezier" .
   [1 0 0 0 0 0])
  ("math" .
   [1 0 0 0])
  ("__syslog__" .
   [1 0 0 0 0 0 0 0 0 0])
  ("syslog_buf" .
   [2 0 0 0 0 0 0 0 0 0])
  ("syslog_str" .
   [3 0 0 0 0 0 0 0 0 0])
  ("SHELL_H" .
   [0 0 0 0 0 1 0])
  ("hickey" .
   [1 0 0 0 0 0])
  ("relay" .
   [8 0 0 0 0])
  ("NULL" .
   [7 0 0 0])
  ("cmd_id" .
   [8 0 0 0 0 0])
  ("cmd" .
   [10 0 0])
  ("cmd_len" .
   [5 0 0 0 0 0 0])
  ("relay_get" .
   [1 0 0 0 0 0 0 0 0])
  ("r" .
   [5])
  ("atoi" .
   [3 0 0 0])
  ("relays" .
   [11 0 0 0 0 0])
  ("num_relays" .
   [8 0 0 0 0 0 0 0 0 0])
  ("cur_relay" .
   [4 0 0 0 0 0 0 0 0])
  ("desc" .
   [2 0 0 0])
  ("mode_id" .
   [7 0 0 0 0 0 0])
  ("m" .
   [2])
  ("relay_set_all" .
   [1 0 0 0 0 0 0 0 0 0 0 0 0])
  ("relay_toggle_all" .
   [1 0 0 0 0 0 0 0 0 0 0 0 0 0 0 0])
  ("n" .
   [6])
  ("millis" .
   [1 0 0 0 0 0])
  ("t" .
   [3])
  ("current" .
   [1 0 0 0 0 0 1])
  ("command" .
   [8 0 0 0 0 0 0])
  ("process_relay" .
   [1 0 0 0 0 0 0 0 0 0 0 0 0])
  ("wilson" .
   [2 0 0 0 0 0])
  ("syslog" .
   [5 0 0 0 0 0])
  ("str" .
   [9 0 0])
  ("in" .
   [22 0])
  ("i" .
   [5])
  ("severity" .
   [3 0 0 0 0 0 0 0])
  ("c" .
   [11])
  ("message" .
   [3 0 0 0 0 0 0])
  ("then" .
   [1 0 0 0])
  ("s" .
   [9])
  ("sender" .
   [9 0 0 0 0 0])
  ("shell_init" .
   [1 0 0 0 0 0 0 0 0 0])
  ("sender_func" .
   [2 0 0 0 0 0 0 0 0 0 0])
  ("shell_input" .
   [1 0 0 0 0 0 0 0 0 0 0])
  ("buffer" .
   [25 0 0 0 0 0])
  ("MAX_STR_LEN" .
   [2 0 0 0 0 1 0 1 0 0 0])
  ("p" .
   [9])
  ("len" .
   [5 0 0])
  ("default_sender" .
   [3 0 0 0 0 0 0 0 0 0 0 0 0 0])
  ("begin" .
   [5 0 0 0 0])
  ("length" .
   [6 0 0 0 0 0])
  ("end" .
   [12 0 0])
  ("append" .
   [4 0 0 0 0 0])
  ("e" .
   [8])
  ("shell_exec" .
   [3 0 0 0 0 0 0 0 0 0])
  ("pipe" .
   [1 0 0 0])
  ("b" .
   [3])
  ("strcmp" .
   [4 0 0 0 0 0])
  ("sprintf" .
   [7 0 0 0 0 0 0])
  ("pattern" .
   [1 0 0 0 0 0 0])
  ("commands" .
   [1 0 0 0 0 0 0 0])
  ("Could" .
   [1 0 0 0 0])
  ("not" .
   [1 0 0])
  ("connect" .
   [1 0 0 0 0 0 0])
  ("to" .
   [1 0])
  ("server" .
   [1 0 0 0 0 0])
  ("dirent" .
   [3 0 0 0 0 0])
  ("stat" .
   [5 0 0 0])
  ("d_name" .
   [12 0 0 0 0 0])
  ("ent" .
   [17 0 0])
  ("is" .
   [1 0])
  ("is_dir" .
   [3 0 0 0 0 0])
  ("puts" .
   [3 0 0 0])
  ("x" .
   [2])
  ("S_ISREG" .
   [1 0 0 0 0 0 0])
  ("st_mode" .
   [1 0 0 0 0 0 0])
  ("S_ISDIR" .
   [1 0 0 0 0 0 0])
  ("is_file" .
   [2 0 0 0 0 0 0])
  ("dir" .
   [8 0 0])
  ("opendir" .
   [4 0 0 0 0 0 0])
  ("err_buf" .
   [3 0 0 0 0 0 0])
  ("__VA_ARGS__" .
   [0 0 0 0 0 0 1 0 0 0 0])
  ("fprintf" .
   [1 0 0 0 0 0 0])
  ("stderr" .
   [1 0 0 0 0 0])
  ("__FILE__" .
   [1 0 0 0 0 0 0 0])
  ("__func__" .
   [1 0 0 0 0 0 0 0])
  ("__LINE__" .
   [1 0 0 0 0 0 0 0])
  ("exit" .
   [1 0 0 0])
  ("DIR" .
   [4 0 0])
  ("cwd" .
   [7 0 0])
  ("strcat" .
   [1 0 0 0 0 0])
  ("n_dir" .
   [2 0 1 0 0])
  ("initial_wd" .
   [1 0 0 0 0 0 0 0 0 0])
  ("statbuf" .
   [1 0 0 0 0 0 0])
  ("readdir" .
   [1 0 0 0 0 0 0])
  ("ls_recursive" .
   [0 0 0 0 0 1 0 1 0 0 0 0])
  ("closedir" .
   [2 0 0 0 0 0 0 0])
  ("directory" .
   [6 0 0 0 0 0 0 0 0])
  ("I" .
   [1])
  ("chdir" .
   [3 0 0 0 0])
  ("__unix__" .
   [1 0 0 0 0 0 0 0])
  ("PWD" .
   [2 0 0])
  ("getcwd" .
   [2 0 0 0 0 0])
  ("wd" .
   [2 0])
  ("current_dir" .
   [1 0 0 0 0 0 0 0 0 0 0])
  ("entry" .
   [2 0 0 0 0])
  ("listdir" .
   [5 0 0 0 0 0 0])
  ("w" .
   [1])
  ("argc" .
   [1 0 0 0])
  ("path" .
   [8 0 0 0])
  ("strcpy" .
   [1 0 0 0 0 0])
  ("thisdir" .
   [6 0 0 0 0 0 0])
  ("list" .
   [0 0 0 1])))
